format: (x, y)
configuration 1:
[(64, 1), (100, 2), (49, 3), (13, 4), (77, 5), (4, 6), (83, 7), (29, 8), (23, 9), (44, 10), (22, 11), (37, 12), (63, 13), (21, 14), (59, 15), (84, 16), (10,
17), (70, 18), (68, 19), (60, 20), (78, 21), (50, 22), (19, 23), (14, 24), (98, 25), (85, 26), (16, 27), (92, 28), (76, 29), (40, 30), (30, 31), (65, 32), (15, 33), (94, 34), (86, 35),
 (9, 36), (55, 37), (41, 38), (47, 39), (67, 40), (17, 41), (72, 42), (12, 43), (89, 44), (46, 45), (62, 46), (38, 47), (45, 48), (91, 49), (34, 50), (8, 51), (74, 52), (36, 53), (95,
54), (20, 55), (88, 56), (24, 57), (11, 58), (82, 59), (52, 60), (1, 61), (42, 62), (80, 63), (2, 64), (31, 65), (81, 66), (79, 67), (3, 68), (93, 69), (75, 70), (97, 71), (57, 72), (4
3, 73), (48, 74), (56, 75), (7, 76), (90, 77), (73, 78), (99, 79), (58, 80), (32, 81), (27, 82), (51, 83), (26, 84), (71, 85), (33, 86), (28, 87), (18, 88), (35, 89), (69, 90), (66, 91
), (25, 92), (87, 93), (96, 94), (6, 95), (39, 96), (53, 97), (5, 98), (61, 99), (54, 100)]

configuration 2:
[(61, 1), (80, 2), (50, 3), (20, 4), (45, 5), (31, 6), (42, 7), (72, 8), (19, 9), (32, 10), (57, 11), (84, 12), (70, 13), (75, 14), (12, 15), (87, 16), (58,
17), (49, 18), (13, 19), (24, 20), (55, 21), (97, 22), (35, 23), (53, 24), (67, 25), (95, 26), (11, 27), (86, 28), (56, 29), (18, 30), (9, 31), (68, 32), (77, 33), (25, 34), (21, 35),
(89, 36), (96, 37), (94, 38), (4, 39), (6, 40), (47, 41), (60, 42), (28, 43), (76, 44), (100, 45), (66, 46), (8, 47), (98, 48), (38, 49), (99, 50), (15, 51), (59, 52), (62, 53), (16, 5
4), (81, 55), (30, 56), (34, 57), (48, 58), (82, 59), (5, 60), (78, 61), (37, 62), (10, 63), (88, 64), (64, 65), (29, 66), (46, 67), (69, 68), (90, 69), (52, 70), (85, 71), (26, 72), (
1, 73), (7, 74), (73, 75), (71, 76), (2, 77), (91, 78), (22, 79), (36, 80), (83, 81), (93, 82), (43, 83), (51, 84), (65, 85), (23, 86), (79, 87), (39, 88), (41, 89), (14, 90), (3, 91),
 (92, 92), (74, 93), (63, 94), (33, 95), (44, 96), (27, 97), (40, 98), (54, 99), (17, 100)]

configuration 3:
[(76, 1), (50, 2), (56, 3), (81, 4), (32, 5), (51, 6), (12, 7), (24, 8), (61, 9), (10, 10), (14, 11), (19, 12), (38, 13), (87, 14), (78, 15), (55, 16), (72,
17), (5, 18), (43, 19), (79, 20), (33, 21), (91, 22), (52, 23), (58, 24), (8, 25), (48, 26), (59, 27), (63, 28), (17, 29), (98, 30), (22, 31), (89, 32), (94, 33), (80, 34), (53, 35), (
6, 36), (68, 37), (92, 38), (83, 39), (66, 40), (74, 41), (27, 42), (93, 43), (23, 44), (21, 45), (95, 46), (11, 47), (49, 48), (15, 49), (31, 50), (88, 51), (60, 52), (73, 53), (46, 5
4), (96, 55), (99, 56), (16, 57), (25, 58), (65, 59), (18, 60), (2, 61), (90, 62), (86, 63), (44, 64), (54, 65), (37, 66), (71, 67), (82, 68), (42, 69), (67, 70), (1, 71), (26, 72), (6
9, 73), (20, 74), (4, 75), (28, 76), (30, 77), (97, 78), (41, 79), (29, 80), (36, 81), (75, 82), (100, 83), (3, 84), (7, 85), (9, 86), (85, 87), (57, 88), (13, 89), (64, 90), (77, 91),
 (40, 92), (70, 93), (62, 94), (39, 95), (35, 96), (47, 97), (45, 98), (34, 99), (84, 100)]
